Report: 

| iter  |     f_value      |      alpha       |
|     0 | +1.51489936e-02 | +5.18500000e+03 |
|     1 | +1.51489936e-02 | +2.59250000e+03 |
|     2 | +1.51489936e-02 | +1.29625000e+03 |
|     3 | +1.51489936e-02 | +6.48125000e+02 |
|     4 | +1.51489936e-02 | +3.24062500e+02 |
|     5 | +1.51489936e-02 | +1.62031250e+02 |
|     6 | +1.51489936e-02 | +8.10156250e+01 |
|     7 | +1.51489936e-02 | +4.05078125e+01 |
|     8 | +1.51489936e-02 | +2.02539063e+01 |
|     9 | +1.51489936e-02 | +1.01269531e+01 |
|    10 | +1.51489936e-02 | +5.06347656e+00 |
|    11 | +1.51489936e-02 | +2.53173828e+00 |
|    12 | +1.51489936e-02 | +1.26586914e+00 |
|    13 | +1.51489936e-02 | +6.32934570e-01 |
|    14 | +1.51489936e-02 | +3.16467285e-01 |
|    15 | +1.51489936e-02 | +1.58233643e-01 |
|    16 | +1.51489936e-02 | +7.91168213e-02 |
|    17 | +1.51489936e-02 | +3.95584106e-02 |
|    18 | +1.51489936e-02 | +1.97792053e-02 |
|    19 | +1.51489936e-02 | +9.88960266e-03 |
|    20 | +1.51489936e-02 | +4.94480133e-03 |
|    21 | +1.51489936e-02 | +2.47240067e-03 |
|    22 | +1.51489936e-02 | +1.23620033e-03 |
|    23 | +1.51489936e-02 | +6.18100166e-04 |
|    24 | +1.51489936e-02 | +3.09050083e-04 |
|    25 | +1.51489936e-02 | +1.54525042e-04 |
|    26 | +1.51489936e-02 | +7.72625208e-05 |
|    27 | +1.51489936e-02 | +3.86312604e-05 |
|    28 | +1.51489936e-02 | +1.93156302e-05 |
|    29 | +1.51489936e-02 | +9.65781510e-06 |


Final Report: 

Elapsed Time =  3.909e+01 

| #iter | #isuc | #fevals |  final f_value   |   final alpha    |
|    29 |     0 |    551  | +1.51489936e-02 | +9.65781510e-06 |

Minimum Point:
2.21800000e+00 
